| Date                      |        GOOG |        META |       CSCO |       MSFT |       AMZN |        AAPL |
|:--------------------------|------------:|------------:|-----------:|-----------:|-----------:|------------:|
| 2006-07-01 00:00:00-04:00 |   1.62789   | nan         |   1.61429  |   0.710149 |   0.621375 |   2.61264   |
| 2006-08-01 00:00:00-04:00 |   1.44692   | nan         |   4.96461  |   0.671714 |   1.64308  |   2.42482   |
| 2006-09-01 00:00:00-04:00 |   2.22137   | nan         |   4.5642   |   1.12019  |   2.25848  |   3.84245   |
| 2006-10-01 00:00:00-04:00 |   3.99      | nan         |   4.39458  |   1.35041  |   4.47246  |   4.9492    |
| 2006-11-01 00:00:00-05:00 |   3.63617   | nan         |   5.80335  |   2.51912  |   5.12557  |   5.07912   |
| 2006-12-01 00:00:00-05:00 |   4.39192   | nan         |   7.52365  | inf        |   5.06988  |   6.39061   |
| 2007-01-01 00:00:00-05:00 |   3.80772   | nan         |   6.9621   | inf        |   3.77276  |   7.81362   |
| 2007-02-01 00:00:00-05:00 |   3.49467   | nan         |  11.4699   |   1.96373  |   8.06013  |   3.93879   |
| 2007-03-01 00:00:00-05:00 |   3.72952   | nan         |   2.77733  |   1.28264  |   5.55974  |   5.0213    |
| 2007-04-01 00:00:00-04:00 |   3.47942   | nan         |   2.80923  |   1.40852  | 118.603    |   3.87326   |
| 2007-05-01 00:00:00-04:00 |   1.24532   | nan         |   2.32369  |   1.21343  | 116.369    |   8.28617   |
| 2007-06-01 00:00:00-04:00 |   1.4614    | nan         |   0.827041 |   0.913912 | 109.792    |   6.57199   |
| 2007-07-01 00:00:00-04:00 |   1.62297   | nan         |   1.07314  |   0.818507 | 129.453    |  23.355     |
| 2007-08-01 00:00:00-04:00 |   0.911271  | nan         |   3.32087  |   0.645602 | 353.753    |  24.4976    |
| 2007-09-01 00:00:00-04:00 |   4.74014   | nan         |   6.33978  |   1.2059   | 362.676    | inf         |
| 2007-10-01 00:00:00-04:00 |  19.1418    | nan         |  15.3284   |  10.4647   | 136.85     | inf         |
| 2007-11-01 00:00:00-04:00 |  14.1341    | nan         |   1.43371  |   5.76978  |   9.14589  |  20.45      |
| 2007-12-01 00:00:00-05:00 |  13.0502    | nan         |   1.31007  |   6.01821  |   7.07179  |  14.4047    |
| 2008-01-01 00:00:00-05:00 |   5.22271   | nan         |   0.924535 |   5.12203  |   3.47232  |   5.8191    |
| 2008-02-01 00:00:00-05:00 |   4.02343   | nan         |   0.778882 |   3.88505  |   1.49107  |   4.60608   |
| 2008-03-01 00:00:00-05:00 |   3.66066   | nan         |   0.138128 |   4.06164  |   2.04245  |   5.55453   |
| 2008-04-01 00:00:00-04:00 |   8.75619   | nan         |   0.295646 |   3.98866  |   1.24587  |   7.39792   |
| 2008-05-01 00:00:00-04:00 |   5.64991   | nan         |   0.457503 |   0.401532 |   1.45752  |   4.54687   |
| 2008-06-01 00:00:00-04:00 |   5.0924    | nan         |   0.470609 |   0.44807  |   1.2261   |   4.04593   |
| 2008-07-01 00:00:00-04:00 |   4.62921   | nan         |   0.450494 |   0.155641 |   1.29936  |   3.42884   |
| 2008-08-01 00:00:00-04:00 |   5.33172   | nan         |   1.19613  |   0.509703 |   1.90107  |   4.89654   |
| 2008-09-01 00:00:00-04:00 |   5.44442   | nan         |   1.04683  |   0.765947 |   2.12155  |   4.06993   |
| 2008-10-01 00:00:00-04:00 |   5.20054   | nan         |   0.815823 |   0.317298 |   1.011    |   2.80282   |
| 2008-11-01 00:00:00-04:00 |   0.0364269 | nan         |   0.527899 |   0.27249  |   0.392809 |   0.555288  |
| 2008-12-01 00:00:00-05:00 |   0.138632  | nan         |   0.401165 |   0.260946 |   1.91003  |   0.210575  |
| 2009-01-01 00:00:00-05:00 |   0.589851  | nan         |   0.420681 |   0.232425 |   3.05001  |   0.414565  |
| 2009-02-01 00:00:00-05:00 |   0.657853  | nan         |   0.436586 |   0.237201 |   3.40548  |   0.43335   |
| 2009-03-01 00:00:00-05:00 |   0.75326   | nan         |   1.02162  |   0.811293 |   3.97605  |   1.53433   |
| 2009-04-01 00:00:00-04:00 |   1.98682   | nan         |   2.22905  |   1.31953  |   5.02328  |   4.19516   |
| 2009-05-01 00:00:00-04:00 |   2.8555    | nan         |   2.81143  |   1.75767  |   6.55926  |   5.11336   |
| 2009-06-01 00:00:00-04:00 |  29.0168    | nan         |   3.40485  |   3.35072  |  19.6784   |   8.53992   |
| 2009-07-01 00:00:00-04:00 |  29.0766    | nan         |   6.01813  |   3.60427  |  12.4149   |  42.4048    |
| 2009-08-01 00:00:00-04:00 |  23.3011    | nan         |   8.4893   |   7.08826  |   4.92637  |  41.3655    |
| 2009-09-01 00:00:00-04:00 | inf         | nan         |  11.225    |  21.3722   |   6.10901  | inf         |
| 2009-10-01 00:00:00-04:00 | inf         | nan         |   6.8017   |  17.1518   |  13.544    | inf         |
| 2009-11-01 00:00:00-04:00 | inf         | nan         |   4.54023  |  15.0585   |  14.6437   | inf         |
| 2009-12-01 00:00:00-05:00 | inf         | nan         |   6.60775  |  15.0157   |  16.9485   | inf         |
| 2010-01-01 00:00:00-05:00 |   2.73254   | nan         |   4.09212  |   2.25342  |  10.92     |   4.25795   |
| 2010-02-01 00:00:00-05:00 |   2.40265   | nan         |   1.81748  |   2.46628  |   9.03014  |   2.72135   |
| 2010-03-01 00:00:00-05:00 |   2.71802   | nan         |   2.5551   |   2.14547  |  12.4081   |   4.65669   |
| 2010-04-01 00:00:00-04:00 |   1.78838   | nan         |   1.87915  |   2.13782  |  10.6182   |   4.82431   |
| 2010-05-01 00:00:00-04:00 |   1.12218   | nan         |   1.24244  |   0.815121 |   2.64152  |   4.49576   |
| 2010-06-01 00:00:00-04:00 |   0.579789  | nan         |   0.963481 |   0.385961 |   1.07137  |   3.78039   |
| 2010-07-01 00:00:00-04:00 |   0.754805  | nan         |   1.33126  |   1.02875  |   1.45     |   3.52583   |
| 2010-08-01 00:00:00-04:00 |   0.830598  | nan         |   1.18906  |   1.01146  |   1.88829  |   4.299     |
| 2010-09-01 00:00:00-04:00 |   2.3044    | nan         |   1.29002  |   1.10646  |   6.91272  |   6.60592   |
| 2010-10-01 00:00:00-04:00 |   3.38632   | nan         |   1.14191  |   1.49364  |   5.82169  |   4.85145   |
| 2010-11-01 00:00:00-04:00 |   3.26681   | nan         |   0.864679 |   1.26687  |   6.12419  |   3.74174   |
| 2010-12-01 00:00:00-05:00 |   4.07296   | nan         |   1.22595  |   2.28594  |   8.06526  |   4.29427   |
| 2011-01-01 00:00:00-05:00 |   5.01952   | nan         |   1.57319  |   3.05432  |  12.1823   |   5.35782   |
| 2011-02-01 00:00:00-05:00 |   4.4639    | nan         |   0.949879 |   1.68414  |  11.413    |   5.56147   |
| 2011-03-01 00:00:00-05:00 |   4.9815    | nan         |   1.02566  |   1.99236  |  11.1593   |  13.9425    |
| 2011-04-01 00:00:00-04:00 |   2.2284    | nan         |   0.586847 |   1.82272  |   2.80726  |   5.12594   |
| 2011-05-01 00:00:00-04:00 |   0.446084  | nan         |   0.412194 |   0.982074 |   2.319    |   2.94809   |
| 2011-06-01 00:00:00-04:00 |   0.51624   | nan         |   0.461469 |   1.42939  |   2.0285   |   1.30154   |
| 2011-07-01 00:00:00-04:00 |   2.71303   | nan         |   0.311831 |   0.73334  |   2.92109  |   4.71235   |
| 2011-08-01 00:00:00-04:00 |   2.11866   | nan         |   0.136874 |   0.68868  |   4.19777  |   3.75474   |
| 2011-09-01 00:00:00-04:00 |   1.91059   | nan         |   0.171808 |   0.603605 |   3.99716  |   3.22595   |
| 2011-10-01 00:00:00-04:00 |   3.26366   | nan         |   3.55423  |   1.26418  |   3.10622  |   4.16402   |
| 2011-11-01 00:00:00-04:00 |   3.81256   | nan         |   3.46408  |   1.04371  |   0.898292 |   2.86429   |
| 2011-12-01 00:00:00-05:00 |   4.50317   | nan         |   3.6456   |   1.20171  |   0.679787 |   3.36896   |
| 2012-01-01 00:00:00-05:00 |   3.87825   | nan         |   7.18813  |   2.63838  |   1.4369   |   5.8376    |
| 2012-02-01 00:00:00-05:00 |   2.0468    | nan         |   7.02402  |   2.96085  |   0.797179 |   6.87292   |
| 2012-03-01 00:00:00-05:00 |   2.86466   | nan         |   9.2611   |   3.2952   |   1.71315  |   8.79213   |
| 2012-04-01 00:00:00-04:00 |   2.76865   | nan         |   6.46606  |   5.63827  |   2.84313  |   7.88811   |
| 2012-05-01 00:00:00-04:00 |   1.02441   | nan         |   0.909764 |   2.3935   |   2.5302   |   7.04216   |
| 2012-06-01 00:00:00-04:00 |   0.998     | nan         |   1.1487   |   3.0695   |   3.34555  |  12.3374    |
| 2012-07-01 00:00:00-04:00 |   1.13463   | nan         |   1.053    |   2.58955  |   4.35921  |  12.0641    |
| 2012-08-01 00:00:00-04:00 |   2.41672   | nan         |   2.74488  |   1.34603  |   3.63092  |  10.8785    |
| 2012-09-01 00:00:00-04:00 |   2.93745   | nan         |   2.72064  |   0.62216  |   5.16525  |   4.44854   |
| 2012-10-01 00:00:00-04:00 |   1.86162   | nan         |   2.07086  |   0.510135 |   2.47803  |   1.04592   |
| 2012-11-01 00:00:00-04:00 |   2.32181   | nan         |   2.84063  |   0.44898  |   1.55795  |   1.09572   |
| 2012-12-01 00:00:00-05:00 |   2.72848   |   8.89129   |   4.17998  |   0.557658 |   2.1507   |   0.840851  |
| 2013-01-01 00:00:00-05:00 |   3.28809   |   9.93755   |   4.14493  |   0.416501 |   1.97687  |   0.638793  |
| 2013-02-01 00:00:00-05:00 |   2.89037   |  10.8197    |   5.41449  |   0.554775 |   1.83886  |   0.463927  |
| 2013-03-01 00:00:00-05:00 |   2.11757   |  12.6679    |   1.78553  |   0.364408 |   1.33749  |   0         |
| 2013-04-01 00:00:00-04:00 |   1.36551   |  10.7796    |   1.80865  |   2.71626  |   0.995475 |   0         |
| 2013-05-01 00:00:00-04:00 |   7.9489    |   9.04317   |  54.4815   |   4.06748  |   2.28851  |   0.0669758 |
| 2013-06-01 00:00:00-04:00 |   7.45334   |   1.77138   |  38.4099   |  12.2161   |   1.52028  |   0.0560283 |
| 2013-07-01 00:00:00-04:00 |   7.32547   |  31.7765    |  41.0662   |   3.35711  |   2.66886  |   1.15957   |
| 2013-08-01 00:00:00-04:00 |   1.64461   |  31.1732    |   2.75756  |   3.63821  |   1.30995  |   2.26393   |
| 2013-09-01 00:00:00-04:00 |   1.2829    |  43.4891    |   2.70544  |   3.48354  |   2.47343  |   2.2946    |
| 2013-10-01 00:00:00-04:00 |   5.76016   |  52.8491    |   2.41366  |   3.83758  |   4.79492  |   3.0961    |
| 2013-11-01 00:00:00-04:00 |   5.63185   |  42.4567    |   1.96591  |   2.261    |   7.03154  |   3.59269   |
| 2013-12-01 00:00:00-05:00 |   5.64994   |  75.4243    |   0.647758 |   1.64718  |   6.52999  |   3.51298   |
| 2014-01-01 00:00:00-05:00 |   6.19731   |  77.6843    |   0.616692 |   1.73337  |   3.9669   |   3.64026   |
| 2014-02-01 00:00:00-05:00 |   6.42617   |  13.8726    |   0.293223 |   4.53253  |   3.40301  |   2.38625   |
| 2014-03-01 00:00:00-05:00 |   4.53453   |   7.16299   |   0.570122 |   4.92271  |   3.35928  |   1.80385   |
| 2014-04-01 00:00:00-04:00 |   3.3962    |   3.79002   |   0.824228 |   4.09763  |   1.95495  |   2.85987   |
| 2014-05-01 00:00:00-04:00 |   1.36495   |   4.11885   |   1.56247  |   3.25499  |   0.555009 |   2.61508   |
| 2014-06-01 00:00:00-04:00 |   1.36055   |   5.48428   |   3.61596  |   1.81815  |   0.273622 |   2.21838   |
| 2014-07-01 00:00:00-04:00 |   0.986057  |   3.94613   |   2.83253  |   3.50184  |   0.234693 |   2.3524    |
| 2014-08-01 00:00:00-04:00 |   0.662251  |   2.37967   |   3.496    |   4.83646  |   0.806296 | inf         |
| 2014-09-01 00:00:00-04:00 |   0.546456  |   1.9455    |   4.56907  |   4.84728  |   0.715543 |   7.97789   |
| 2014-10-01 00:00:00-04:00 |   0.714897  |   2.98924   |   1.79259  |   3.13286  |   0.749106 |   9.44425   |
| 2014-11-01 00:00:00-04:00 |   0.872528  |   3.43748   |   4.28433  | inf        |   2.00709  |   9.77238   |
| 2014-12-01 00:00:00-05:00 |   0.191416  |   2.80798   |   3.3168   |   2.08056  |   1.44922  |   2.87355   |
| 2015-01-01 00:00:00-05:00 |   0.0920604 |   1.77019   |   2.06715  |   0.736395 |   2.55336  |   3.21748   |
| 2015-02-01 00:00:00-05:00 |   0.433906  |   1.25108   |   3.53436  |   1.28326  |   3.20114  |   4.13833   |
| 2015-03-01 00:00:00-05:00 |   0.403092  |   1.36559   |   2.65898  |   0.759318 |   2.5516   |   2.99762   |
| 2015-04-01 00:00:00-04:00 |   0.355874  |   0.705475  |   2.89586  |   3.10159  |   4.24796  |   3.1676    |
| 2015-05-01 00:00:00-04:00 |   0.399213  |   0.953304  |   3.26016  |   2.92015  |   5.2709   |   2.8772    |
| 2015-06-01 00:00:00-04:00 |   0.425409  |   1.62727   |   1.34455  |   2.56563  |   4.17072  |   1.54428   |
| 2015-07-01 00:00:00-04:00 |   6.20996   |   2.8386    |   1.56071  |   2.91691  |  24.9512   |   1.91423   |
| 2015-08-01 00:00:00-04:00 |   5.68698   |   2.38288   |   1.36494  |   3.34165  |  10.6744   |   1.05784   |
| 2015-09-01 00:00:00-04:00 |   4.82799   |   2.10481   |   0.486699 |   2.79024  |   9.72059  |   0.231423  |
| 2015-10-01 00:00:00-04:00 |   9.04053   |   3.63914   |   1.47583  |   6.23271  |  18.957    |   0.871681  |
| 2015-11-01 00:00:00-04:00 |  10.7137    |   5.07273   |   1.05239  |   3.41248  |  17.127    |   0.861084  |
| 2015-12-01 00:00:00-05:00 |  11.7943    |   5.06614   |   1.00059  |   3.839    |  17.1163   |   0.45986   |
| 2016-01-01 00:00:00-05:00 |  11.9306    |   4.8535    |   0.889675 |   5.14655  |   8.36094  |   0.424549  |
| 2016-02-01 00:00:00-05:00 |   3.10003   |   2.49215   |   1.33073  |   3.20858  |   3.56564  |   0.443952  |
| 2016-03-01 00:00:00-05:00 |   3.80792   |   4.35712   |   2.24755  |   5.21741  |   4.36821  |   1.54685   |
| 2016-04-01 00:00:00-04:00 |   2.91999   |   4.61596   |   2.095    |   3.3595   |   5.2522   |   1.23403   |
| 2016-05-01 00:00:00-04:00 |   1.1599    |   2.1468    |   1.58387  |   1.26718  |   2.38327  |   1.14991   |
| 2016-06-01 00:00:00-04:00 |   0.774639  |   1.49817   |   1.81258  |   1.00128  |   2.00655  |   1.09353   |
| 2016-07-01 00:00:00-04:00 |   1.52648   |   2.35925   |   2.33261  |   1.71905  |   2.28334  |   1.83958   |
| 2016-08-01 00:00:00-04:00 |   1.57841   |   1.77037   |   5.70911  |   1.8015   |   4.04143  |   2.29361   |
| 2016-09-01 00:00:00-04:00 |   1.946     |   2.81629   |   3.82947  |   2.23662  |  16.454    |   2.6898    |
| 2016-10-01 00:00:00-04:00 |   1.49365   |   2.06922   |   1.77571  |   1.78456  |   4.36819  |   1.55003   |
| 2016-11-01 00:00:00-04:00 |   1.81584   |   0.888773  |   1.72904  |   3.81024  |   2.14973  |   2.78137   |
| 2016-12-01 00:00:00-05:00 |   1.40228   |   0.801098  |   1.20034  |   3.09208  |   1.25414  |   2.42656   |
| 2017-01-01 00:00:00-05:00 |   2.73932   |   2.37932   |   1.51235  |  30.1807   |   2.23468  |   5.31653   |
| 2017-02-01 00:00:00-05:00 |   0.942965  |   1.92304   |   2.45251  |   4.54745  |   1.92396  |   7.37448   |
| 2017-03-01 00:00:00-05:00 |   0.988293  |   2.15127   |   2.03083  |   4.94066  |   2.20841  |   7.91453   |
| 2017-04-01 00:00:00-04:00 |   2.53108   |   2.47243   |   2.10651  |   6.7667   |   1.68541  |   6.41532   |
| 2017-05-01 00:00:00-04:00 |   3.44599   |   2.39159   |   1.41908  |   6.05942  |   3.3767   |   7.75377   |
| 2017-06-01 00:00:00-04:00 |   2.429     |   5.3009    |   1.55633  |   2.92836  |   4.98544  |   4.19982   |
| 2017-07-01 00:00:00-04:00 |   2.4846    |  26.8558    |   1.56184  |   3.57838  |   5.35023  |   4.01926   |
| 2017-08-01 00:00:00-04:00 |   2.26446   |  16.3878    |   1.55287  |   3.41112  |   2.9478   |   5.06336   |
| 2017-09-01 00:00:00-04:00 |   2.14014   |   8.91064   |   0.563749 |   3.45744  |   2.14938  |   2.00976   |
| 2017-10-01 00:00:00-04:00 |   2.7236    |   9.14326   |   0.722896 |   6.89738  |   4.89342  |   2.57269   |
| 2017-11-01 00:00:00-04:00 |   1.57605   |   4.48094   |   1.61426  |   6.35795  |   5.24568  |   2.67071   |
| 2017-12-01 00:00:00-05:00 |   1.07091   |   4.14056   |   7.60836  |   6.14215  |   4.04599  |   2.08147   |
| 2018-01-01 00:00:00-05:00 |  75.1267    |   5.46343   | inf        |  20.2032   |  18.2166   |   2.67315   |
| 2018-02-01 00:00:00-05:00 |   2.72591   |   1.1477    | inf        |  10.1906   |  18.599    |   3.07924   |
| 2018-03-01 00:00:00-05:00 |   1.81032   |   0.637083  |   4.80074  |   4.89574  |  11.5753   |   1.3656    |
| 2018-04-01 00:00:00-04:00 |   1.65982   |   1.15045   |   4.75417  |   5.37399  |  14.4172   |   1.72563   |
| 2018-05-01 00:00:00-04:00 |   1.72485   |   1.83666   |   3.39477  |   3.74799  |  11.675    |   2.54122   |
| 2018-06-01 00:00:00-04:00 |   1.85955   |   1.93537   |   2.35381  |   3.48635  |  11.3344   |   2.36028   |
| 2018-07-01 00:00:00-04:00 |   2.4983    |   1.46945   |   2.09637  |   4.5751   |  12.3501   |   2.6749    |
| 2018-08-01 00:00:00-04:00 |   1.33656   |   1.24716   |   2.88887  |   3.25192  |   5.52532  |   7.24778   |
| 2018-09-01 00:00:00-04:00 |   1.60289   |   1.19858   |   2.20842  |   3.76103  |   4.90241  |   6.39397   |
| 2018-10-01 00:00:00-04:00 |   1.36301   |   1.26197   |   2.03566  |   2.16101  |   2.4394   |   8.36522   |
| 2018-11-01 00:00:00-04:00 |   1.47543   |   0.756547  |   2.08902  |   2.34269  |   2.21134  |   4.03671   |
| 2018-12-01 00:00:00-05:00 |   0.824195  |   0.0609431 |   1.56849  |   1.18138  |   1.55901  |   2.2292    |
| 2019-01-01 00:00:00-05:00 |   1.21987   |   4.07585   |   2.35711  |   1.3113   |   2.52634  |   2.47639   |
| 2019-02-01 00:00:00-05:00 |   0.563357  |   4.61734   |   3.14432  |   1.32816  |   2.18858  |   2.55854   |
| 2019-03-01 00:00:00-05:00 |   0.813501  |   4.67855   |   2.09589  |   1.23938  |   1.72044  |   0.932783  |
| 2019-04-01 00:00:00-04:00 |   0.884688  |   6.73621   |   2.25742  |   2.07887  |   2.12789  |   1.17665   |
| 2019-05-01 00:00:00-04:00 |   0.98048   |   6.65737   |   2.1204   |   2.22781  |   2.48374  |   1.01993   |
| 2019-06-01 00:00:00-04:00 |   0.87203   |   8.52935   |   2.16222  |   2.6261   |   2.55025  |   2.32378   |
| 2019-07-01 00:00:00-04:00 |   2.67257   |  10.8464    |   3.43199  |   4.54591  |   3.41287  |   3.82289   |
| 2019-08-01 00:00:00-04:00 |   1.79076   |   2.70993   |   1.29362  |   4.40537  |   1.51402  |   3.32348   |
| 2019-09-01 00:00:00-04:00 |   1.92522   |   2.61866   |   0.950295 |   3.46168  |   1.63666  |   3.58664   |
| 2019-10-01 00:00:00-04:00 |   1.803     |   2.97726   |   0.72105  |   3.17465  |   1.10251  |   3.78768   |
| 2019-11-01 00:00:00-04:00 |   1.9699    |   1.4204    |   0.500756 |   2.18809  |   0.557984 |   4.00185   |
| 2019-12-01 00:00:00-05:00 |   3.77412   |   2.14883   |   0.873469 | inf        |   0.976047 |  16.9662    |
| 2020-01-01 00:00:00-05:00 |   6.55035   |   1.15859   |   0.58638  | inf        |   1.28995  |  13.3714    |
| 2020-02-01 00:00:00-05:00 |   1.38212   |   0.947351  |   0.431381 |   2.52654  |   0.978239 |   3.35652   |
| 2020-03-01 00:00:00-05:00 |   0.902559  |   0.726984  |   0.540466 |   2.0006   |   1.46324  |   2.77108   |
| 2020-04-01 00:00:00-04:00 |   2.46857   |   4.53767   |   0.805258 |   4.14638  |  11.6552   |   3.94208   |
| 2020-05-01 00:00:00-04:00 |   2.6443    |   4.7882    |   1.90286  |   4.08859  |  10.8227   |   3.63966   |
| 2020-06-01 00:00:00-04:00 |   2.45225   |   4.53066   |   2.02154  |   5.01285  |  12.63     |   4.60867   |
| 2020-07-01 00:00:00-04:00 |   2.60026   |   5.42815   |   1.7611   |   4.6835   |  14.8346   |   5.72057   |
| 2020-08-01 00:00:00-04:00 |   2.89896   |   7.27026   |   1.48178  |   5.12809  |  14.8944   |   8.75573   |
| 2020-09-01 00:00:00-04:00 |   2.66447   |   6.19189   |   1.69486  |   4.31516  |  12.54     |   9.02674   |
| 2020-10-01 00:00:00-04:00 |   4.92566   |   9.18097   |   1.45546  |   4.05244  |  10.7743   |   9.3357    |
| 2020-11-01 00:00:00-04:00 |   3.44694   |   4.66499   |   3.19821  |   2.7926   |   4.09969  |   8.33439   |
| 2020-12-01 00:00:00-05:00 |   2.98316   |   3.58455   |   2.42803  |   2.90396  |   4.37144  |   8.71343   |
| 2021-01-01 00:00:00-05:00 |   3.3864    |   2.97375   |   2.51408  |   2.0079   |   2.83838  |   7.09427   |
| 2021-02-01 00:00:00-05:00 |   4.17992   |   1.96824   |   2.46748  |   2.00067  |   1.00273  |   4.24065   |
| 2021-03-01 00:00:00-05:00 |   3.248     |   1.71252   |   4.95871  |   1.01889  |   0.339864 |   1.374     |
| 2021-04-01 00:00:00-04:00 |  33.1132    |   4.15364   |   6.48844  |   2.77144  |   2.12632  |   2.34178   |
| 2021-05-01 00:00:00-04:00 |  24.1018    |   4.19485   |  27.7906   |   7.2855   |   1.69685  |   2.43974   |
| 2021-06-01 00:00:00-04:00 |  21.4262    |   4.26124   |  10.9667   |   8.72276  |   1.93281  |   2.49      |
| 2021-07-01 00:00:00-04:00 |  53.4379    |   4.76326   |  11.4353   |   9.27443  |   1.60743  |   1.84484   |
| 2021-08-01 00:00:00-04:00 |  56.8062    |  28.0346    |  13.7434   |  10.1474   |   1.91427  |   2.10842   |
| 2021-09-01 00:00:00-04:00 |   4.39798   |   3.8586    |   3.51145  |   2.61284  |   1.77362  |   2.22563   |
| 2021-10-01 00:00:00-04:00 |   5.63065   |   1.73501   |   1.44197  |   5.94217  |   1.89316  |   2.62259   |
| 2021-11-01 00:00:00-04:00 |   2.51052   |   0.878276  |   1.36955  |   5.22433  |   0.98     |   3.02511   |
| 2021-12-01 00:00:00-05:00 |   2.57395   |   1.03325   |   3.39     |   5.48418  |   1.07415  |   4.68448   |
| 2022-01-01 00:00:00-05:00 |   1.91423   |   0.570882  |   2.26404  |   3.12088  |   0.439734 |   3.26794   |
| 2022-02-01 00:00:00-05:00 |   1.39787   |   0.358655  |   2.01119  |   2.55132  |   0.566433 |   2.09642   |
| 2022-03-01 00:00:00-05:00 |   1.08561   |   0.298867  |   1.65343  |   2.33733  |   0.697024 |   2.22578   |
| 2022-04-01 00:00:00-04:00 |   0.925147  |   0.301351  |   1.52471  |   2.12777  |   0.549157 |   1.99756   |
| 2022-05-01 00:00:00-04:00 |   0.166902  |   0.306973  |   1.20832  |   0.168347 |   0.45358  |   1.44087   |
| 2022-06-01 00:00:00-04:00 |   0.166283  |   0.260062  |   1.14634  |   0.151766 |   0.277972 |   0.60006   |
| 2022-07-01 00:00:00-04:00 |   0.450876  |   0.163289  |   0.316028 |   0.636791 |   4.1644   |   2.15603   |
| 2022-08-01 00:00:00-04:00 |   0.448725  |   0.229928  |   0.375907 |   0.64857  |   4.40841  |   2.1036    |
| 2022-09-01 00:00:00-04:00 |   0.374016  |   0.238561  |   0.316418 |   0.569499 |   3.81523  |   1.90278   |
| 2022-10-01 00:00:00-04:00 |   0.263263  |   0.0480673 |   1.33587  |   0.470671 |   3.29691  |   2.27751   |
| 2022-11-01 00:00:00-04:00 |   0.720574  |   3.43868   |   2.18606  |   1.21392  |   3.69291  |   2.52992   |
| 2022-12-01 00:00:00-05:00 |   0.586203  |   3.57345   |   2.41235  |   1.11308  |   3.34792  |   2.28479   |
| 2023-01-01 00:00:00-05:00 |   1.44008   |   7.35936   |   2.91538  |   1.35562  |   6.16738  |   3.26635   |
| 2023-02-01 00:00:00-05:00 |   1.00377   |   8.9704    |   2.40235  |   0.798035 |   2.20123  |   1.41554   |
| 2023-03-01 00:00:00-05:00 |   2.20606   |  11.241     |   3.03948  |   2.62409  |   2.75672  |   2.28509   |
| 2023-04-01 00:00:00-04:00 |   2.88059   |  16.3857    |   3.21679  |   5.06027  |   3.19352  |   3.20367   |
| 2023-05-01 00:00:00-04:00 |   4.14597   | inf         |   1.82948  |   5.90802  |   4.85173  |   2.5112    |
| 2023-06-01 00:00:00-04:00 |   3.64613   | inf         |   1.27864  |   4.86427  |   5.92104  |   3.58907   |
| 2023-07-01 00:00:00-04:00 |   6.2399    | inf         |   1.55497  |  12.7161   |   9.39991  | inf         |
| 2023-08-01 00:00:00-04:00 |   5.02591   |  13.7127    |   2.43437  |   7.11435  |   4.16794  |   4.60796   |
| 2023-09-01 00:00:00-04:00 |   7.61318   |  10.4954    |   1.91389  |   4.70353  |   4.37054  |   2.39902   |
| 2023-10-01 00:00:00-04:00 |   3.30056   |   5.44364   |   1.29021  |   2.51576  |   3.68923  |   1.22404   |
| 2023-11-01 00:00:00-04:00 |   3.60041   |   4.41053   |   1.36923  |   3.71576  |   4.63964  |   2.16096   |
| 2023-12-01 00:00:00-05:00 |   2.13952   |   4.06154   |   1.31471  |   2.8352   |   2.82451  |   1.93423   |
| 2024-01-01 00:00:00-05:00 |   2.31      |   4.38915   |   1.09694  |   3.08461  |   2.15139  |   1.01361   |
| 2024-02-01 00:00:00-05:00 |   1.14893   |  11.2497    |   0.967654 |   3.7059   |   3.97478  |   0.947233  |
| 2024-03-01 00:00:00-05:00 |   1.82001   |  39.7339    |   0.346528 |   4.57928  |   3.87291  |   0.920964  |
| 2024-04-01 00:00:00-04:00 |   3.27399   |   8.63318   |   0.360297 |   3.06075  |   7.11891  |   1.24586   |
| 2024-05-01 00:00:00-04:00 |   9.43891   |   9.33372   |   0.372589 |   3.02543  |   6.49872  |   2.8014    |
| 2024-06-01 00:00:00-04:00 |   8.94994   |   9.27378   |   0.617421 |   2.17138  |   6.42061  |   2.49186   |
| 2024-07-01 00:00:00-04:00 |   2.94278   |   7.11354   |   0.472564 |   1.64843  |   4.05875  |   2.82889   |
| 2024-08-01 00:00:00-04:00 |   2.27328   |   7.06019   |   0.776403 |   1.28781  |   2.90332  |   3.78409   |
| 2024-09-01 00:00:00-04:00 |   2.4273    |   2.54586   |   1.47847  |   1.20985  |   1.35751  |   4.31865   |
| 2024-10-01 00:00:00-04:00 |   1.78542   |   2.54949   |   1.53686  |   0.979136 |   1.25349  |   5.86001   |
| 2024-11-01 00:00:00-04:00 |   0.982185  |   4.15169   |   6.06439  |   1.32086  |   2.05123  |   6.45311   |